0.0
0.0
0.0
0.0037243947858473
0.0037243947858473
0.19224283305227655
0.8249452954048139
0.9381044487427466
0.9549718574108819
0.9636533084808947
0.966542750929368
0.9703703703703703
0.9713228492136912
0.9741219963031423
0.9779005524861878
0.9797794117647057
0.9816513761467889
0.9834558823529411
0.9834558823529411
0.984360625574977
0.9852941176470589
0.9843893480257117
0.9862005519779209
0.9852941176470589
0.9852941176470589
0.9852941176470589
0.9852941176470589
0.9852941176470589
0.9862005519779209
0.9862005519779209
0.9862005519779209
0.9852941176470589
0.9862005519779209
0.9852941176470589
0.9852941176470589
0.9852941176470589
0.9852941176470589
0.9852941176470589
0.9843893480257117
0.9852941176470589
0.9852941176470589
0.9852941176470589
0.9862005519779209
0.9852941176470589
0.9852941176470589
0.9852941176470589
0.9852941176470589
0.9852941176470589
0.9852941176470589
0.9852941176470589
0.9852941176470589
0.9852941176470589
0.9852941176470589
0.9852941176470589
0.9852941176470589
0.9852941176470589
0.9852941176470589
0.9852941176470589
0.9852941176470589
0.9852941176470589
0.9852941176470589
0.9852941176470589
