0.010445592548885963
0.0635827816097257
0.0
54.002219842021994
84.35431907933969
93.83900323350987
97.88885996195788
98.91069523763903
99.16239472735772
99.16530212071287
98.45976487726273
99.11628366029306
98.73297159937123
98.90356446978619
98.90851027061944
98.52170716232447
99.04021012764453
98.76996546050265
99.25343124494913
99.35958965773027
99.61464743568594
99.3171073301778
99.4018111703533
99.37699617062312
98.94818222787974
99.16136797186982
99.46920639315051
99.5672539807116
99.46994596228078
99.6284390669064
99.62809973772332
99.31038971881163
99.1883536148663
99.08283861706992
99.13057986040565
99.2652379652159
99.05485466138029
99.14606923463771
99.33218415747896
99.00744151290199
99.1593557462417
99.11433805711181
99.42215222585605
99.31389607600201
99.36017260084911
99.30973471160335
99.15982585332947
99.11387081632232
99.11786327040345
98.96851872001535
98.96080787360894
98.95070894527933
98.93738992817836
98.92689417384946
98.91594021308443
98.9123381496632
98.90716882336442
98.91234176077293
98.90730590423519
98.90849362340569
98.91351031681933
98.9145343501123
