0.0
0.0
0.0
0.18656716417910446
0.18656716417910446
10.634328358208956
70.33582089552239
90.48507462686567
94.96268656716418
96.45522388059702
97.01492537313433
97.76119402985076
97.94776119402985
98.32089552238806
99.06716417910447
99.44029850746269
99.81343283582089
99.81343283582089
99.81343283582089
99.81343283582089
100.0
100.0
100.0
100.0
100.0
100.0
100.0
100.0
100.0
100.0
100.0
100.0
100.0
100.0
100.0
100.0
100.0
100.0
100.0
100.0
100.0
100.0
100.0
100.0
100.0
100.0
100.0
100.0
100.0
100.0
100.0
100.0
100.0
100.0
100.0
100.0
100.0
100.0
100.0
100.0
100.0
100.0
