0.4394920323254927
0.11461872171680883
0.08722515200387757
0.06406521601778156
0.04977193175340598
0.04358289868764158
0.03831347715601606
0.035362213119021005
0.03420810321310781
0.03186211329445524
0.030383408287504934
0.028315851145054933
0.027360747143063906
0.026773843808837655
0.026501772833882636
0.02507288054967264
0.02562076272618658
0.024580329885038565
0.02377144965290461
0.02415335796562568
0.02267539166968386
0.0228067001995613
0.02248467138775115
0.021728809662866142
0.022102251037392977
0.021637555802205822
0.020384311036400076
0.020400282557842868
0.020969238979214766
0.01978971499879405
0.02065010741353035
0.019967154603240625
0.0195065725032451
0.0194285022270567
0.019250955344792806
0.01938474559629301
0.019591308437850116
0.019736819050081497
0.021022592825850225
0.019635529788035268
0.01956067000919918
0.020011881137934496
0.018943974867744264
0.019191100546773875
0.01845963910432919
0.018826894574570208
0.01960043974291041
0.018555645890674502
0.018816516850635692
0.01932886218616985
0.017870187841832863
0.01808139685674688
0.01712414479539107
0.018643372294908693
0.01702761797764095
0.017554731038092106
0.01783745162708162
0.019375245998878375
0.020905814196725013
0.022724844375011388
0.0248345372963367
0.025096059990818778
