0
0.00010445592548885962
0.0006358278160972571
0.0
0.5400221984202199
0.8435431907933969
0.9383900323350988
0.9788885996195787
0.9891069523763903
0.9916239472735772
0.9916530212071287
0.9845976487726273
0.9911628366029306
0.9873297159937122
0.9890356446978619
0.9890851027061944
0.9852170716232447
0.9904021012764452
0.9876996546050264
0.9925343124494912
0.9935958965773027
0.9961464743568594
0.993171073301778
0.994018111703533
0.9937699617062311
0.9894818222787974
0.9916136797186982
0.9946920639315051
0.995672539807116
0.9946994596228078
0.9962843906690639
0.9962809973772332
0.9931038971881163
0.991883536148663
0.9908283861706992
0.9913057986040564
0.992652379652159
0.9905485466138029
0.9914606923463771
0.9933218415747896
0.99007441512902
0.9915935574624171
0.9911433805711181
0.9942215222585605
0.9931389607600201
0.9936017260084911
0.9930973471160335
0.9915982585332946
0.9911387081632231
0.9911786327040345
0.9896851872001535
0.9896080787360895
0.9895070894527933
0.9893738992817837
0.9892689417384946
0.9891594021308442
0.9891233814966319
0.9890716882336442
0.9891234176077293
0.9890730590423519
0.9890849362340569
0.9891351031681932
0.989145343501123
