0.0
0.0
0.0
100.0
100.0
100.0
99.73544973544973
97.38955823293173
96.0377358490566
96.2756052141527
96.29629629629629
96.32352941176471
96.3302752293578
96.52014652014653
96.54545454545455
96.55797101449275
96.57039711191335
96.92028985507247
96.92028985507247
97.09618874773139
97.10144927536231
96.9258589511754
97.27767695099818
97.10144927536231
97.10144927536231
97.10144927536231
97.10144927536231
97.10144927536231
97.27767695099818
97.27767695099818
97.27767695099818
97.10144927536231
97.27767695099818
97.10144927536231
97.10144927536231
97.10144927536231
97.10144927536231
97.10144927536231
96.9258589511754
97.10144927536231
97.10144927536231
97.10144927536231
97.27767695099818
97.10144927536231
97.10144927536231
97.10144927536231
97.10144927536231
97.10144927536231
97.10144927536231
97.10144927536231
97.10144927536231
97.10144927536231
97.10144927536231
97.10144927536231
97.10144927536231
97.10144927536231
97.10144927536231
97.10144927536231
97.10144927536231
97.10144927536231
97.10144927536231
97.10144927536231
